********************************************************************************
STREME - Sensitive, Thorough, Rapid, Enriched Motif Elicitation
********************************************************************************
MEME version 5.3.3 (Release date: Sun Feb 7 15:39:52 2021 -0800)

For further information on how to interpret these results please access https://meme-suite.org/meme.
To get a copy of the MEME Suite software please access https://meme-suite.org.

********************************************************************************


********************************************************************************
REFERENCE
********************************************************************************
If you use this program in your research, please cite:

Timothy L. Bailey,
"STREME: Accurate and versatile sequence motif discovery",
bioRxiv, (preprint), Nov. 23, 2020.
********************************************************************************


ALPHABET= ACGT

strands: + -

Background letter frequencies
A 0.281 C 0.219 G 0.219 T 0.281 

MOTIF 1-RCCGGAAGYGR STREME-1
letter-probability matrix: alength= 4 w= 11 nsites= 1459 P= 8.2e-035
 0.529139 0.032272 0.438572 0.000018
 0.057039 0.657811 0.285133 0.000018
 0.112089 0.887879 0.000014 0.000018
 0.000018 0.000014 0.999951 0.000018
 0.000018 0.000014 0.999951 0.000018
 0.968967 0.031002 0.000014 0.000018
 0.652672 0.092165 0.000014 0.255149
 0.094481 0.000014 0.905487 0.000018
 0.002798 0.529767 0.000014 0.467422
 0.245316 0.152143 0.491248 0.111293
 0.249423 0.202704 0.469667 0.078206

MOTIF 2-SYGATAAGV STREME-2
letter-probability matrix: alength= 4 w= 9 nsites= 1080 P= 4.0e-030
 0.122704 0.316485 0.560766 0.000046
 0.101436 0.524758 0.000036 0.373770
 0.000046 0.000036 0.999873 0.000046
 0.999883 0.000036 0.000036 0.000046
 0.000046 0.000036 0.000036 0.999883
 0.999883 0.000036 0.000036 0.000046
 0.939536 0.035330 0.025089 0.000046
 0.000046 0.223888 0.776021 0.000046
 0.331535 0.355278 0.313141 0.000046

MOTIF 3-RTTTCCGGT STREME-3
letter-probability matrix: alength= 4 w= 9 nsites= 873 P= 3.5e-014
 0.467979 0.074685 0.423358 0.033979
 0.000094 0.000073 0.127547 0.872286
 0.026200 0.010847 0.043286 0.919667
 0.000094 0.004163 0.011325 0.984419
 0.000094 0.999740 0.000073 0.000094
 0.000094 0.999740 0.000073 0.000094
 0.000094 0.000073 0.916254 0.083579
 0.010954 0.153978 0.704857 0.130211
 0.094920 0.055659 0.066446 0.782975

MOTIF 4-CGCKMTCGYYC STREME-4
letter-probability matrix: alength= 4 w= 11 nsites= 1618 P= 2.7e-010
 0.000019 0.999947 0.000015 0.000019
 0.069277 0.204946 0.589777 0.136000
 0.000019 0.999947 0.000015 0.000019
 0.004489 0.182687 0.519912 0.292912
 0.393888 0.359674 0.165997 0.080440
 0.000019 0.300086 0.021544 0.678351
 0.000019 0.996417 0.003545 0.000019
 0.037620 0.000015 0.879341 0.083025
 0.137708 0.298951 0.109812 0.453530
 0.096273 0.467014 0.114539 0.322174
 0.110064 0.656206 0.233711 0.000019

MOTIF 5-CCAGCAGCAGCAGC STREME-5
letter-probability matrix: alength= 4 w= 14 nsites= 1300 P= 4.1e-010
 0.066911 0.703363 0.171913 0.057813
 0.091184 0.743728 0.116448 0.048640
 0.761229 0.041610 0.159938 0.037222
 0.010026 0.084418 0.783187 0.122369
 0.000015 0.971042 0.001022 0.027921
 0.872230 0.027214 0.068767 0.031790
 0.021208 0.130922 0.831843 0.016026
 0.017302 0.936963 0.010812 0.034923
 0.788072 0.050055 0.118964 0.042909
 0.100717 0.132088 0.699304 0.067891
 0.033731 0.794194 0.072472 0.099603
 0.599966 0.154594 0.155299 0.090141
 0.214130 0.112869 0.584578 0.088423
 0.101669 0.670179 0.122440 0.105713

MOTIF 6-ACCGGATG STREME-6
letter-probability matrix: alength= 4 w= 8 nsites= 967 P= 1.3e-009
 0.673373 0.111870 0.110563 0.104195
 0.047897 0.897849 0.035949 0.018304
 0.025030 0.962088 0.008183 0.004699
 0.098709 0.007157 0.894068 0.000066
 0.000066 0.000052 0.969752 0.030130
 0.963653 0.036229 0.000052 0.000066
 0.224253 0.122287 0.008567 0.644892
 0.009736 0.028535 0.961663 0.000066

MOTIF 7-CTTCCGC STREME-7
letter-probability matrix: alength= 4 w= 7 nsites= 1422 P= 1.9e-008
 0.000142 0.999605 0.000111 0.000142
 0.084844 0.057576 0.145019 0.712561
 0.021443 0.000111 0.145285 0.833161
 0.002287 0.997460 0.000111 0.000142
 0.000142 0.999605 0.000111 0.000142
 0.000142 0.000111 0.858278 0.141469
 0.000142 0.830606 0.000111 0.169141

MOTIF 8-ATCGCGCG STREME-8
letter-probability matrix: alength= 4 w= 8 nsites= 1233 P= 4.6e-008
 0.890990 0.049840 0.047156 0.012014
 0.038249 0.054331 0.015768 0.891652
 0.064429 0.829210 0.075325 0.031036
 0.094797 0.003660 0.877649 0.023893
 0.027011 0.757505 0.087624 0.127861
 0.096393 0.045758 0.837358 0.020492
 0.040419 0.864432 0.008118 0.087031
 0.114300 0.077647 0.802239 0.005815

MOTIF 9-CAKATGGYGCN STREME-9
letter-probability matrix: alength= 4 w= 11 nsites= 507 P= 1.0e-007
 0.000045 0.999876 0.000035 0.000045
 0.999885 0.000035 0.000035 0.000045
 0.000045 0.000035 0.462228 0.537692
 0.709168 0.290752 0.000035 0.000045
 0.000045 0.000035 0.000035 0.999885
 0.000045 0.293834 0.706077 0.000045
 0.010320 0.000035 0.989600 0.000045
 0.000045 0.506009 0.000035 0.493911
 0.223942 0.248209 0.526259 0.001589
 0.000045 0.654246 0.268031 0.077678
 0.299438 0.174852 0.259874 0.265835

MOTIF 10-CTTCCTGC STREME-10
letter-probability matrix: alength= 4 w= 8 nsites= 991 P= 8.5e-007
 0.001235 0.901369 0.021079 0.076317
 0.007842 0.008440 0.032015 0.951703
 0.000180 0.013233 0.072938 0.913649
 0.008394 0.927172 0.058420 0.006014
 0.002027 0.947296 0.008545 0.042133
 0.048502 0.023679 0.000139 0.927679
 0.006733 0.000139 0.859889 0.133239
 0.015993 0.752054 0.019813 0.212141

MOTIF 11-WCSRSCGSMM STREME-11
letter-probability matrix: alength= 4 w= 10 nsites= 1606 P= 1.3e-006
 0.504554 0.000028 0.200617 0.294801
 0.000036 0.999900 0.000028 0.000036
 0.000036 0.515830 0.484098 0.000036
 0.528650 0.198673 0.272641 0.000036
 0.000036 0.489823 0.510104 0.000036
 0.000036 0.999900 0.000028 0.000036
 0.000036 0.000028 0.999900 0.000036
 0.000036 0.550424 0.449503 0.000036
 0.297932 0.468040 0.233993 0.000036
 0.240755 0.446837 0.110198 0.202209

MOTIF 12-CGTCGTGCG STREME-12
letter-probability matrix: alength= 4 w= 9 nsites= 658 P= 5.5e-006
 0.000159 0.820310 0.030225 0.149305
 0.000159 0.000125 0.951815 0.047901
 0.233228 0.000125 0.000125 0.766523
 0.034649 0.834225 0.058463 0.072663
 0.072597 0.000125 0.874817 0.052462
 0.023269 0.000125 0.207151 0.769456
 0.183847 0.143819 0.509268 0.163067
 0.048354 0.772954 0.047402 0.131290
 0.001530 0.163191 0.821472 0.013806

MOTIF 13-CCGATAGGCG STREME-13
letter-probability matrix: alength= 4 w= 10 nsites= 11 P= 6.2e-006
 0.025509 0.929036 0.019945 0.025509
 0.025509 0.929036 0.019945 0.025509
 0.025509 0.019945 0.929036 0.025509
 0.934600 0.019945 0.019945 0.025509
 0.025509 0.019945 0.019945 0.934600
 0.934600 0.019945 0.019945 0.025509
 0.025509 0.019945 0.929036 0.025509
 0.025509 0.019945 0.929036 0.025509
 0.025509 0.929036 0.019945 0.025509
 0.025509 0.019945 0.929036 0.025509

MOTIF 14-CGAGGTAAACGT STREME-14
letter-probability matrix: alength= 4 w= 12 nsites= 38 P= 6.2e-006
 0.035471 0.963798 0.000321 0.000410
 0.000410 0.000321 0.998859 0.000410
 0.998948 0.000321 0.000321 0.000410
 0.000410 0.000321 0.998859 0.000410
 0.000410 0.000321 0.998859 0.000410
 0.000410 0.000321 0.000321 0.998948
 0.998948 0.000321 0.000321 0.000410
 0.963888 0.035381 0.000321 0.000410
 0.978601 0.000321 0.020668 0.000410
 0.000410 0.998859 0.000321 0.000410
 0.000410 0.000321 0.998859 0.000410
 0.000410 0.125850 0.000321 0.873419

MOTIF 15-AAACGCGCTTGG STREME-15
letter-probability matrix: alength= 4 w= 12 nsites= 40 P= 6.2e-006
 0.978547 0.000322 0.020720 0.000411
 0.928648 0.000322 0.000322 0.070708
 0.998946 0.000322 0.000322 0.000411
 0.000411 0.998856 0.000322 0.000411
 0.000411 0.000322 0.998856 0.000411
 0.000411 0.998856 0.000322 0.000411
 0.000411 0.000322 0.998856 0.000411
 0.000411 0.998856 0.000322 0.000411
 0.000411 0.070619 0.000322 0.928648
 0.000411 0.000322 0.000322 0.998946
 0.000411 0.000322 0.998856 0.000411
 0.000411 0.000322 0.998856 0.000411

MOTIF 16-GAACTCGATCCT STREME-16
letter-probability matrix: alength= 4 w= 12 nsites= 40 P= 6.2e-006
 0.000426 0.000333 0.998816 0.000426
 0.889788 0.000333 0.109454 0.000426
 0.998909 0.000333 0.000333 0.000426
 0.000426 0.998816 0.000333 0.000426
 0.000426 0.000333 0.000333 0.998909
 0.000426 0.998816 0.000333 0.000426
 0.000426 0.000333 0.998816 0.000426
 0.998909 0.000333 0.000333 0.000426
 0.000426 0.000333 0.000333 0.998909
 0.000426 0.998816 0.000333 0.000426
 0.000426 0.998816 0.000333 0.000426
 0.109547 0.000333 0.000333 0.889788

MOTIF 17-CATTCGCTTTTA STREME-17
letter-probability matrix: alength= 4 w= 12 nsites= 35 P= 6.2e-006
 0.025509 0.929036 0.019945 0.025509
 0.934600 0.019945 0.019945 0.025509
 0.025509 0.019945 0.019945 0.934600
 0.025509 0.019945 0.019945 0.934600
 0.025509 0.929036 0.019945 0.025509
 0.025509 0.019945 0.929036 0.025509
 0.025509 0.929036 0.019945 0.025509
 0.025509 0.019945 0.019945 0.934600
 0.025509 0.019945 0.019945 0.934600
 0.025509 0.019945 0.019945 0.934600
 0.025509 0.019945 0.019945 0.934600
 0.934600 0.019945 0.019945 0.025509

MOTIF 18-GATAATCGGTACA STREME-18
letter-probability matrix: alength= 4 w= 13 nsites= 38 P= 6.2e-006
 0.000396 0.000309 0.998899 0.000396
 0.998985 0.000309 0.000309 0.000396
 0.000396 0.000309 0.000309 0.998985
 0.965166 0.034129 0.000309 0.000396
 0.965166 0.034129 0.000309 0.000396
 0.000396 0.000309 0.000309 0.998985
 0.000396 0.998899 0.000309 0.000396
 0.000396 0.000309 0.998899 0.000396
 0.000396 0.000309 0.965080 0.034215
 0.000396 0.000309 0.000309 0.998985
 0.998985 0.000309 0.000309 0.000396
 0.000396 0.897441 0.000309 0.101854
 0.998985 0.000309 0.000309 0.000396

MOTIF 19-CTTGACGGTCCAA STREME-19
letter-probability matrix: alength= 4 w= 13 nsites= 36 P= 6.2e-006
 0.000464 0.998710 0.000363 0.000464
 0.000464 0.000363 0.000363 0.998811
 0.000464 0.000363 0.000363 0.998811
 0.000464 0.000363 0.998710 0.000464
 0.998811 0.000363 0.000363 0.000464
 0.000464 0.998710 0.000363 0.000464
 0.000464 0.000363 0.998710 0.000464
 0.000464 0.000363 0.998710 0.000464
 0.000464 0.000363 0.000363 0.998811
 0.000464 0.998710 0.000363 0.000464
 0.000464 0.998710 0.000363 0.000464
 0.998811 0.000363 0.000363 0.000464
 0.959180 0.000363 0.000363 0.040094

MOTIF 20-CTTTTGTGGCAAAC STREME-20
letter-probability matrix: alength= 4 w= 14 nsites= 38 P= 6.2e-006
 0.000445 0.998763 0.000348 0.000445
 0.000445 0.000348 0.000348 0.998860
 0.000445 0.000348 0.000348 0.998860
 0.000445 0.000348 0.000348 0.998860
 0.000445 0.000348 0.000348 0.998860
 0.000445 0.000348 0.998763 0.000445
 0.000445 0.000348 0.000348 0.998860
 0.000445 0.000348 0.998763 0.000445
 0.000445 0.000348 0.971000 0.028207
 0.000445 0.998763 0.000348 0.000445
 0.960848 0.000348 0.000348 0.038457
 0.933085 0.066122 0.000348 0.000445
 0.960848 0.038360 0.000348 0.000445
 0.000445 0.998763 0.000348 0.000445

MOTIF 21-GTTCTACTTCTATA STREME-21
letter-probability matrix: alength= 4 w= 14 nsites= 32 P= 6.2e-006
 0.025509 0.019945 0.929036 0.025509
 0.025509 0.019945 0.019945 0.934600
 0.025509 0.019945 0.019945 0.934600
 0.025509 0.929036 0.019945 0.025509
 0.025509 0.019945 0.019945 0.934600
 0.934600 0.019945 0.019945 0.025509
 0.025509 0.929036 0.019945 0.025509
 0.025509 0.019945 0.019945 0.934600
 0.025509 0.019945 0.019945 0.934600
 0.025509 0.929036 0.019945 0.025509
 0.025509 0.019945 0.019945 0.934600
 0.934600 0.019945 0.019945 0.025509
 0.025509 0.019945 0.019945 0.934600
 0.934600 0.019945 0.019945 0.025509

MOTIF 22-AGCAATGTTAGTAAC STREME-22
letter-probability matrix: alength= 4 w= 15 nsites= 38 P= 6.2e-006
 0.998929 0.000327 0.000327 0.000418
 0.000418 0.000327 0.998838 0.000418
 0.000418 0.998838 0.000327 0.000418
 0.998929 0.000327 0.000327 0.000418
 0.998929 0.000327 0.000327 0.000418
 0.000418 0.000327 0.000327 0.998929
 0.071832 0.000327 0.927424 0.000418
 0.036125 0.000327 0.000327 0.963222
 0.000418 0.000327 0.000327 0.998929
 0.998929 0.000327 0.000327 0.000418
 0.000418 0.000327 0.998838 0.000418
 0.000418 0.000327 0.000327 0.998929
 0.998929 0.000327 0.000327 0.000418
 0.998929 0.000327 0.000327 0.000418
 0.000418 0.891717 0.000327 0.107538

MOTIF 23-ACAACCGAAACGTGC STREME-23
letter-probability matrix: alength= 4 w= 15 nsites= 40 P= 6.2e-006
 0.998924 0.000328 0.000328 0.000420
 0.000420 0.927071 0.000328 0.072181
 0.927163 0.000328 0.072089 0.000420
 0.963043 0.036209 0.000328 0.000420
 0.000420 0.998832 0.000328 0.000420
 0.000420 0.962952 0.000328 0.036300
 0.000420 0.000328 0.998832 0.000420
 0.998924 0.000328 0.000328 0.000420
 0.998924 0.000328 0.000328 0.000420
 0.963043 0.036209 0.000328 0.000420
 0.000420 0.998832 0.000328 0.000420
 0.000420 0.000328 0.998832 0.000420
 0.000420 0.000328 0.000328 0.998924
 0.000420 0.143850 0.855310 0.000420
 0.000420 0.998832 0.000328 0.000420

MOTIF 24-GCAGCGAAAACATCG STREME-24
letter-probability matrix: alength= 4 w= 15 nsites= 40 P= 6.2e-006
 0.025723 0.000317 0.973554 0.000406
 0.035071 0.964207 0.000317 0.000406
 0.998960 0.000317 0.000317 0.000406
 0.000406 0.000317 0.998872 0.000406
 0.000406 0.998872 0.000317 0.000406
 0.000406 0.000317 0.998872 0.000406
 0.973642 0.000317 0.000317 0.025723
 0.894965 0.104312 0.000317 0.000406
 0.998960 0.000317 0.000317 0.000406
 0.894965 0.069647 0.000317 0.035071
 0.000406 0.998872 0.000317 0.000406
 0.964295 0.034982 0.000317 0.000406
 0.000406 0.025635 0.000317 0.973642
 0.000406 0.964207 0.034982 0.000406
 0.000406 0.034982 0.964207 0.000406

MOTIF 25-AACAATGTTACGCTC STREME-25
letter-probability matrix: alength= 4 w= 15 nsites= 37 P= 6.2e-006
 0.934600 0.019945 0.019945 0.025509
 0.934600 0.019945 0.019945 0.025509
 0.025509 0.929036 0.019945 0.025509
 0.934600 0.019945 0.019945 0.025509
 0.934600 0.019945 0.019945 0.025509
 0.025509 0.019945 0.019945 0.934600
 0.025509 0.019945 0.929036 0.025509
 0.025509 0.019945 0.019945 0.934600
 0.025509 0.019945 0.019945 0.934600
 0.934600 0.019945 0.019945 0.025509
 0.025509 0.929036 0.019945 0.025509
 0.025509 0.019945 0.929036 0.025509
 0.025509 0.929036 0.019945 0.025509
 0.025509 0.019945 0.019945 0.934600
 0.025509 0.929036 0.019945 0.025509

MOTIF 26-CGTTGATAGTTTTTA STREME-26
letter-probability matrix: alength= 4 w= 15 nsites= 34 P= 6.2e-006
 0.000459 0.998722 0.000359 0.000459
 0.000459 0.000359 0.998722 0.000459
 0.000459 0.000359 0.000359 0.998822
 0.000459 0.000359 0.000359 0.998822
 0.000459 0.000359 0.998722 0.000459
 0.998822 0.000359 0.000359 0.000459
 0.000459 0.000359 0.000359 0.998822
 0.998822 0.000359 0.000359 0.000459
 0.000459 0.000359 0.998722 0.000459
 0.000459 0.000359 0.000359 0.998822
 0.000459 0.000359 0.000359 0.998822
 0.000459 0.000359 0.000359 0.998822
 0.000459 0.000359 0.039628 0.959554
 0.029139 0.000359 0.000359 0.970142
 0.891605 0.000359 0.000359 0.107676

MOTIF 27-TATATCGAAAACACA STREME-27
letter-probability matrix: alength= 4 w= 15 nsites= 34 P= 6.2e-006
 0.000499 0.000390 0.000390 0.998722
 0.998722 0.000390 0.000390 0.000499
 0.000499 0.000390 0.000390 0.998722
 0.998722 0.000390 0.000390 0.000499
 0.000499 0.000390 0.000390 0.998722
 0.000499 0.998613 0.000390 0.000499
 0.000499 0.000390 0.998613 0.000499
 0.998722 0.000390 0.000390 0.000499
 0.998722 0.000390 0.000390 0.000499
 0.998722 0.000390 0.000390 0.000499
 0.956110 0.043002 0.000390 0.000499
 0.000499 0.956001 0.000390 0.043111
 0.998722 0.000390 0.000390 0.000499
 0.000499 0.998613 0.000390 0.000499
 0.998722 0.000390 0.000390 0.000499

MOTIF 28-GSCGCGSC STREME-28
letter-probability matrix: alength= 4 w= 8 nsites= 1007 P= 7.0e-006
 0.044709 0.000144 0.670847 0.284300
 0.074236 0.415492 0.451579 0.058693
 0.000184 0.927674 0.000144 0.071997
 0.000184 0.170648 0.828984 0.000184
 0.000184 0.828984 0.170648 0.000184
 0.071997 0.000144 0.927674 0.000184
 0.058693 0.451579 0.415492 0.074236
 0.284300 0.670847 0.000144 0.044709

MOTIF 29-ACAACCGAAAC STREME-29
letter-probability matrix: alength= 4 w= 11 nsites= 41 P= 1.3e-005
 0.934600 0.019945 0.019945 0.025509
 0.025509 0.929036 0.019945 0.025509
 0.934600 0.019945 0.019945 0.025509
 0.934600 0.019945 0.019945 0.025509
 0.025509 0.929036 0.019945 0.025509
 0.025509 0.929036 0.019945 0.025509
 0.025509 0.019945 0.929036 0.025509
 0.934600 0.019945 0.019945 0.025509
 0.934600 0.019945 0.019945 0.025509
 0.934600 0.019945 0.019945 0.025509
 0.025509 0.929036 0.019945 0.025509

MOTIF 30-CTCCTCCTCC STREME-30
letter-probability matrix: alength= 4 w= 10 nsites= 715 P= 1.6e-005
 0.000143 0.920100 0.040068 0.039689
 0.039659 0.238830 0.127482 0.594029
 0.000143 0.963180 0.000112 0.036565
 0.000143 0.957935 0.041779 0.000143
 0.179329 0.039732 0.000112 0.780828
 0.047806 0.769628 0.038516 0.144050
 0.000143 0.980057 0.013918 0.005882
 0.249032 0.072020 0.000112 0.678836
 0.060064 0.627214 0.069764 0.242958
 0.000143 0.917393 0.036225 0.046239

MOTIF 31-CAGTTGTCTAA STREME-31
letter-probability matrix: alength= 4 w= 11 nsites= 33 P= 3.4e-005
 0.025509 0.929036 0.019945 0.025509
 0.934600 0.019945 0.019945 0.025509
 0.025509 0.019945 0.929036 0.025509
 0.025509 0.019945 0.019945 0.934600
 0.025509 0.019945 0.019945 0.934600
 0.025509 0.019945 0.929036 0.025509
 0.025509 0.019945 0.019945 0.934600
 0.025509 0.929036 0.019945 0.025509
 0.025509 0.019945 0.019945 0.934600
 0.934600 0.019945 0.019945 0.025509
 0.934600 0.019945 0.019945 0.025509

MOTIF 32-GCCGTGGTCTTCT STREME-32
letter-probability matrix: alength= 4 w= 13 nsites= 37 P= 3.4e-005
 0.025509 0.019945 0.929036 0.025509
 0.025509 0.929036 0.019945 0.025509
 0.025509 0.929036 0.019945 0.025509
 0.025509 0.019945 0.929036 0.025509
 0.025509 0.019945 0.019945 0.934600
 0.025509 0.019945 0.929036 0.025509
 0.025509 0.019945 0.929036 0.025509
 0.025509 0.019945 0.019945 0.934600
 0.025509 0.929036 0.019945 0.025509
 0.025509 0.019945 0.019945 0.934600
 0.025509 0.019945 0.019945 0.934600
 0.025509 0.929036 0.019945 0.025509
 0.025509 0.019945 0.019945 0.934600

MOTIF 33-CATTAAGCGCAAA STREME-33
letter-probability matrix: alength= 4 w= 13 nsites= 36 P= 3.4e-005
 0.025509 0.929036 0.019945 0.025509
 0.934600 0.019945 0.019945 0.025509
 0.025509 0.019945 0.019945 0.934600
 0.025509 0.019945 0.019945 0.934600
 0.934600 0.019945 0.019945 0.025509
 0.934600 0.019945 0.019945 0.025509
 0.025509 0.019945 0.929036 0.025509
 0.025509 0.929036 0.019945 0.025509
 0.025509 0.019945 0.929036 0.025509
 0.025509 0.929036 0.019945 0.025509
 0.934600 0.019945 0.019945 0.025509
 0.934600 0.019945 0.019945 0.025509
 0.934600 0.019945 0.019945 0.025509

MOTIF 34-GCTGATAA STREME-34
letter-probability matrix: alength= 4 w= 8 nsites= 288 P= 3.5e-005
 0.099784 0.000305 0.899522 0.000390
 0.000390 0.998916 0.000305 0.000390
 0.000390 0.000305 0.000305 0.999001
 0.000390 0.000305 0.998916 0.000390
 0.999001 0.000305 0.000305 0.000390
 0.000390 0.000305 0.000305 0.999001
 0.950272 0.000305 0.000305 0.049119
 0.638664 0.212009 0.148937 0.000390

MOTIF 35-TAAAAACTTGGAC STREME-35
letter-probability matrix: alength= 4 w= 13 nsites= 34 P= 6.8e-005
 0.000467 0.000365 0.000365 0.998803
 0.998803 0.000365 0.000365 0.000467
 0.998803 0.000365 0.000365 0.000467
 0.958918 0.000365 0.000365 0.040352
 0.998803 0.000365 0.000365 0.000467
 0.998803 0.000365 0.000365 0.000467
 0.000467 0.958816 0.040250 0.000467
 0.000467 0.000365 0.000365 0.998803
 0.000467 0.000365 0.000365 0.998803
 0.000467 0.000365 0.998702 0.000467
 0.000467 0.000365 0.998702 0.000467
 0.998803 0.000365 0.000365 0.000467
 0.000467 0.998702 0.000365 0.000467

MOTIF 36-GCTCATGAAACAA STREME-36
letter-probability matrix: alength= 4 w= 13 nsites= 20 P= 6.8e-005
 0.025509 0.019945 0.929036 0.025509
 0.025509 0.929036 0.019945 0.025509
 0.025509 0.019945 0.019945 0.934600
 0.025509 0.929036 0.019945 0.025509
 0.934600 0.019945 0.019945 0.025509
 0.025509 0.019945 0.019945 0.934600
 0.025509 0.019945 0.929036 0.025509
 0.934600 0.019945 0.019945 0.025509
 0.934600 0.019945 0.019945 0.025509
 0.934600 0.019945 0.019945 0.025509
 0.025509 0.929036 0.019945 0.025509
 0.934600 0.019945 0.019945 0.025509
 0.934600 0.019945 0.019945 0.025509

MOTIF 37-CCAKMTGG STREME-37
letter-probability matrix: alength= 4 w= 8 nsites= 692 P= 7.5e-005
 0.149651 0.738616 0.111533 0.000201
 0.000201 0.902501 0.097098 0.000201
 0.954682 0.000157 0.044961 0.000201
 0.000201 0.000157 0.560217 0.439425
 0.439425 0.560217 0.000157 0.000201
 0.000201 0.044961 0.000157 0.954682
 0.000201 0.097098 0.902501 0.000201
 0.000201 0.111533 0.738616 0.149651

MOTIF 38-CGRCSAG STREME-38
letter-probability matrix: alength= 4 w= 7 nsites= 1600 P= 1.7e-004
 0.045370 0.920910 0.000261 0.033459
 0.000333 0.000261 0.999073 0.000333
 0.321278 0.000261 0.563969 0.114492
 0.056228 0.943178 0.000261 0.000333
 0.000333 0.337651 0.641355 0.020661
 0.944534 0.000261 0.000261 0.054945
 0.000333 0.119621 0.803759 0.076286

MOTIF 39-CCCCCTC STREME-39
letter-probability matrix: alength= 4 w= 7 nsites= 1005 P= 1.8e-004
 0.000570 0.937610 0.061251 0.000570
 0.173615 0.787572 0.000445 0.038368
 0.000570 0.855759 0.000445 0.143226
 0.068316 0.810223 0.000445 0.121016
 0.070072 0.928913 0.000445 0.000570
 0.000570 0.000445 0.000445 0.998539
 0.000570 0.755650 0.053715 0.190066

MOTIF 40-GCGATA STREME-40
letter-probability matrix: alength= 4 w= 6 nsites= 548 P= 2.2e-004
 0.025509 0.019945 0.929036 0.025509
 0.025509 0.929036 0.019945 0.025509
 0.025509 0.019945 0.929036 0.025509
 0.934600 0.019945 0.019945 0.025509
 0.025509 0.019945 0.019945 0.934600
 0.934600 0.019945 0.019945 0.025509

MOTIF 41-CGACGACGABG STREME-41
letter-probability matrix: alength= 4 w= 11 nsites= 696 P= 3.0e-004
 0.069320 0.738845 0.120041 0.071794
 0.000048 0.000037 0.976604 0.023311
 0.774420 0.065577 0.098423 0.061580
 0.000048 0.759244 0.101151 0.139557
 0.107072 0.055873 0.765819 0.071237
 0.903922 0.055611 0.009295 0.031172
 0.000048 0.762226 0.143389 0.094338
 0.000048 0.060007 0.931770 0.008175
 0.988829 0.011086 0.000037 0.000048
 0.044920 0.321567 0.296853 0.336661
 0.040242 0.098064 0.828332 0.033362

MOTIF 42-ATCGAGAACAGAAT STREME-42
letter-probability matrix: alength= 4 w= 14 nsites= 34 P= 3.2e-004
 0.998923 0.000328 0.000328 0.000420
 0.000420 0.000328 0.000328 0.998923
 0.000420 0.998831 0.000328 0.000420
 0.000420 0.000328 0.998831 0.000420
 0.963023 0.036229 0.000328 0.000420
 0.000420 0.000328 0.927031 0.072221
 0.998923 0.000328 0.000328 0.000420
 0.998923 0.000328 0.000328 0.000420
 0.040534 0.958717 0.000328 0.000420
 0.998923 0.000328 0.000328 0.000420
 0.036320 0.000328 0.962931 0.000420
 0.998923 0.000328 0.000328 0.000420
 0.998923 0.000328 0.000328 0.000420
 0.000420 0.000328 0.000328 0.998923

MOTIF 43-GCAGCASC STREME-43
letter-probability matrix: alength= 4 w= 8 nsites= 1161 P= 3.5e-004
 0.200013 0.109777 0.592289 0.097920
 0.000256 0.999288 0.000200 0.000256
 0.916683 0.000200 0.082861 0.000256
 0.000256 0.083315 0.916173 0.000256
 0.000256 0.999288 0.000200 0.000256
 0.999343 0.000200 0.000200 0.000256
 0.000256 0.660080 0.339407 0.000256
 0.101976 0.744400 0.153368 0.000256

MOTIF 44-CGGCGGA STREME-44
letter-probability matrix: alength= 4 w= 7 nsites= 1260 P= 4.8e-004
 0.121503 0.782491 0.000127 0.095879
 0.000162 0.000127 0.999548 0.000162
 0.234489 0.000127 0.765222 0.000162
 0.069137 0.930573 0.000127 0.000162
 0.000162 0.047143 0.858390 0.094304
 0.000162 0.000127 0.999548 0.000162
 0.703946 0.265309 0.000127 0.030618

MOTIF 45-CGMNKCG STREME-45
letter-probability matrix: alength= 4 w= 7 nsites= 1616 P= 5.1e-004
 0.000195 0.999459 0.000152 0.000195
 0.000195 0.000152 0.999459 0.000195
 0.285986 0.563164 0.150655 0.000195
 0.251773 0.248227 0.248227 0.251773
 0.000195 0.150655 0.563164 0.285986
 0.000195 0.999459 0.000152 0.000195
 0.000195 0.000152 0.999459 0.000195

MOTIF 46-ACCAAAAACCTAACC STREME-46
letter-probability matrix: alength= 4 w= 15 nsites= 23 P= 7.5e-004
 0.998030 0.000601 0.000601 0.000768
 0.000768 0.997862 0.000601 0.000768
 0.000768 0.997862 0.000601 0.000768
 0.998030 0.000601 0.000601 0.000768
 0.998030 0.000601 0.000601 0.000768
 0.998030 0.000601 0.000601 0.000768
 0.998030 0.000601 0.000601 0.000768
 0.998030 0.000601 0.000601 0.000768
 0.000768 0.997862 0.000601 0.000768
 0.000768 0.932195 0.066268 0.000768
 0.000768 0.000601 0.000601 0.998030
 0.998030 0.000601 0.000601 0.000768
 0.998030 0.000601 0.000601 0.000768
 0.000768 0.997862 0.000601 0.000768
 0.000768 0.932195 0.000601 0.066435

MOTIF 47-GATAACGM STREME-47
letter-probability matrix: alength= 4 w= 8 nsites= 1116 P= 1.7e-003
 0.000117 0.000091 0.999676 0.000117
 0.983412 0.008108 0.008363 0.000117
 0.000117 0.012574 0.000091 0.987218
 0.616309 0.194263 0.189312 0.000117
 0.646762 0.020305 0.285745 0.047188
 0.000117 0.858539 0.125648 0.015696
 0.000117 0.000091 0.999676 0.000117
 0.288535 0.425882 0.203617 0.081967

MOTIF 48-CTTCCCGTC STREME-48
letter-probability matrix: alength= 4 w= 9 nsites= 368 P= 2.9e-003
 0.000963 0.983660 0.005075 0.010302
 0.009787 0.003126 0.013503 0.973584
 0.011785 0.049227 0.057001 0.881987
 0.003280 0.899312 0.087284 0.010124
 0.016150 0.949659 0.005550 0.028641
 0.015292 0.984207 0.000220 0.000281
 0.030002 0.039858 0.700103 0.230037
 0.024003 0.045552 0.007421 0.923024
 0.050089 0.734650 0.055010 0.160251

MOTIF 49-AACAACAACA STREME-49
letter-probability matrix: alength= 4 w= 10 nsites= 186 P= 3.0e-003
 0.996786 0.000980 0.000980 0.001253
 0.996786 0.000980 0.000980 0.001253
 0.001253 0.996513 0.000980 0.001253
 0.842971 0.000980 0.122820 0.033229
 0.996786 0.000980 0.000980 0.001253
 0.001253 0.996513 0.000980 0.001253
 0.750490 0.000980 0.220604 0.027926
 0.996786 0.000980 0.000980 0.001253
 0.001253 0.996513 0.000980 0.001253
 0.996786 0.000980 0.000980 0.001253

MOTIF 50-ACACACA STREME-50
letter-probability matrix: alength= 4 w= 7 nsites= 780 P= 3.3e-003
 0.934600 0.019945 0.019945 0.025509
 0.025509 0.929036 0.019945 0.025509
 0.934600 0.019945 0.019945 0.025509
 0.025509 0.929036 0.019945 0.025509
 0.934600 0.019945 0.019945 0.025509
 0.025509 0.929036 0.019945 0.025509
 0.934600 0.019945 0.019945 0.025509

MOTIF 51-CCGTTTCCG STREME-51
letter-probability matrix: alength= 4 w= 9 nsites= 964 P= 3.4e-003
 0.000117 0.793822 0.150322 0.055739
 0.000117 0.973738 0.000092 0.026053
 0.186712 0.091848 0.718134 0.003307
 0.000117 0.246279 0.087273 0.666332
 0.220014 0.141884 0.130534 0.507568
 0.002917 0.000092 0.132456 0.864535
 0.000913 0.952469 0.046501 0.000117
 0.020676 0.958369 0.020838 0.000117
 0.137964 0.069915 0.530456 0.261665

MOTIF 52-CGCCCG STREME-52
letter-probability matrix: alength= 4 w= 6 nsites= 2098 P= 4.1e-003
 0.047703 0.873404 0.056340 0.022554
 0.046951 0.032618 0.873317 0.047114
 0.145567 0.749349 0.048980 0.056104
 0.017891 0.891687 0.009958 0.080464
 0.086495 0.891820 0.018085 0.003600
 0.085454 0.027531 0.813425 0.073591

MOTIF 53-CACACACACAC STREME-53
letter-probability matrix: alength= 4 w= 11 nsites= 1041 P= 4.6e-003
 0.000254 0.999294 0.000199 0.000254
 0.999349 0.000199 0.000199 0.000254
 0.000254 0.999294 0.000199 0.000254
 0.791095 0.072019 0.136632 0.000254
 0.000254 0.949627 0.049865 0.000254
 0.852057 0.000199 0.147491 0.000254
 0.000254 0.728589 0.000199 0.270959
 0.999349 0.000199 0.000199 0.000254
 0.000254 0.999294 0.000199 0.000254
 0.802721 0.000199 0.196827 0.000254
 0.000254 0.999294 0.000199 0.000254

MOTIF 54-AGCGAACGA STREME-54
letter-probability matrix: alength= 4 w= 9 nsites= 263 P= 5.4e-003
 0.706990 0.090990 0.201592 0.000427
 0.000427 0.000334 0.998811 0.000427
 0.049531 0.699963 0.250078 0.000427
 0.000427 0.048821 0.950324 0.000427
 0.852556 0.000334 0.000334 0.146775
 0.847263 0.151975 0.000334 0.000427
 0.000427 0.998811 0.000334 0.000427
 0.000427 0.000334 0.998811 0.000427
 0.998904 0.000334 0.000334 0.000427

MOTIF 55-CGCTGC STREME-55
letter-probability matrix: alength= 4 w= 6 nsites= 1114 P= 6.2e-003
 0.001019 0.997166 0.000796 0.001019
 0.001019 0.000796 0.997166 0.001019
 0.001019 0.997166 0.000796 0.001019
 0.001019 0.175961 0.179109 0.643911
 0.048644 0.000796 0.949541 0.001019
 0.248571 0.749614 0.000796 0.001019

MOTIF 56-GCCGGCACT STREME-56
letter-probability matrix: alength= 4 w= 9 nsites= 630 P= 6.3e-003
 0.011872 0.016019 0.923058 0.049051
 0.032208 0.843758 0.005588 0.118446
 0.073050 0.884719 0.042094 0.000138
 0.000862 0.031283 0.932500 0.035355
 0.006189 0.119544 0.631040 0.243227
 0.159831 0.616345 0.055009 0.168815
 0.967560 0.014062 0.000108 0.018270
 0.000138 0.872052 0.127673 0.000138
 0.091607 0.163279 0.227465 0.517649

MOTIF 57-CAAAACACAAAAAA STREME-57
letter-probability matrix: alength= 4 w= 14 nsites= 21 P= 8.2e-003
 0.025509 0.929036 0.019945 0.025509
 0.934600 0.019945 0.019945 0.025509
 0.934600 0.019945 0.019945 0.025509
 0.934600 0.019945 0.019945 0.025509
 0.934600 0.019945 0.019945 0.025509
 0.025509 0.929036 0.019945 0.025509
 0.934600 0.019945 0.019945 0.025509
 0.025509 0.929036 0.019945 0.025509
 0.934600 0.019945 0.019945 0.025509
 0.934600 0.019945 0.019945 0.025509
 0.934600 0.019945 0.019945 0.025509
 0.934600 0.019945 0.019945 0.025509
 0.934600 0.019945 0.019945 0.025509
 0.934600 0.019945 0.019945 0.025509

MOTIF 58-GATACAACAACCCW STREME-58
letter-probability matrix: alength= 4 w= 14 nsites= 10 P= 8.2e-003
 0.001506 0.001177 0.901840 0.095477
 0.867474 0.001177 0.001177 0.130172
 0.001506 0.001177 0.001177 0.996140
 0.996140 0.001177 0.001177 0.001506
 0.001506 0.995812 0.001177 0.001506
 0.867474 0.001177 0.129843 0.001506
 0.996140 0.001177 0.001177 0.001506
 0.001506 0.995812 0.001177 0.001506
 0.996140 0.001177 0.001177 0.001506
 0.996140 0.001177 0.001177 0.001506
 0.001506 0.995812 0.001177 0.001506
 0.001506 0.995812 0.001177 0.001506
 0.001506 0.995812 0.001177 0.001506
 0.481476 0.001177 0.001177 0.516170

MOTIF 59-AAGGTCAAGCATTC STREME-59
letter-probability matrix: alength= 4 w= 14 nsites= 10 P= 8.2e-003
 0.934600 0.019945 0.019945 0.025509
 0.934600 0.019945 0.019945 0.025509
 0.025509 0.019945 0.929036 0.025509
 0.025509 0.019945 0.929036 0.025509
 0.025509 0.019945 0.019945 0.934600
 0.025509 0.929036 0.019945 0.025509
 0.934600 0.019945 0.019945 0.025509
 0.934600 0.019945 0.019945 0.025509
 0.025509 0.019945 0.929036 0.025509
 0.025509 0.929036 0.019945 0.025509
 0.934600 0.019945 0.019945 0.025509
 0.025509 0.019945 0.019945 0.934600
 0.025509 0.019945 0.019945 0.934600
 0.025509 0.929036 0.019945 0.025509

MOTIF 60-GCAGCCACAAAAAA STREME-60
letter-probability matrix: alength= 4 w= 14 nsites= 9 P= 8.2e-003
 0.025509 0.019945 0.929036 0.025509
 0.025509 0.929036 0.019945 0.025509
 0.934600 0.019945 0.019945 0.025509
 0.025509 0.019945 0.929036 0.025509
 0.025509 0.929036 0.019945 0.025509
 0.025509 0.929036 0.019945 0.025509
 0.934600 0.019945 0.019945 0.025509
 0.025509 0.929036 0.019945 0.025509
 0.934600 0.019945 0.019945 0.025509
 0.934600 0.019945 0.019945 0.025509
 0.934600 0.019945 0.019945 0.025509
 0.934600 0.019945 0.019945 0.025509
 0.934600 0.019945 0.019945 0.025509
 0.934600 0.019945 0.019945 0.025509

MOTIF 61-CGCWTCA STREME-61
letter-probability matrix: alength= 4 w= 7 nsites= 436 P= 8.3e-003
 0.001486 0.995865 0.001162 0.001486
 0.001486 0.001162 0.995865 0.001486
 0.001486 0.995865 0.001162 0.001486
 0.290502 0.026321 0.166537 0.516640
 0.001486 0.001162 0.001162 0.996189
 0.001486 0.995865 0.001162 0.001486
 0.996189 0.001162 0.001162 0.001486

MOTIF 62-CGGAACAG STREME-62
letter-probability matrix: alength= 4 w= 8 nsites= 521 P= 8.4e-003
 0.071813 0.871115 0.047046 0.010026
 0.054259 0.050164 0.865978 0.029599
 0.028948 0.051870 0.915798 0.003383
 0.942344 0.000443 0.051109 0.006104
 0.852392 0.135712 0.000443 0.011453
 0.000566 0.961340 0.025320 0.012774
 0.875968 0.034912 0.088554 0.000566
 0.177573 0.009065 0.798875 0.014487

MOTIF 63-KCTTATCA STREME-63
letter-probability matrix: alength= 4 w= 8 nsites= 267 P= 9.1e-003
 0.037171 0.029963 0.544561 0.388306
 0.000385 0.998930 0.000301 0.000385
 0.000385 0.011923 0.052240 0.935452
 0.011199 0.000301 0.000301 0.988200
 0.999014 0.000301 0.000301 0.000385
 0.000385 0.000301 0.000301 0.999014
 0.000385 0.998930 0.000301 0.000385
 0.854535 0.000301 0.000301 0.144864

MOTIF 64-CGGCACACG STREME-64
letter-probability matrix: alength= 4 w= 9 nsites= 1047 P= 1.0e-002
 0.112029 0.793494 0.029957 0.064520
 0.003452 0.003041 0.988120 0.005388
 0.141800 0.045531 0.716496 0.096173
 0.083845 0.768895 0.064392 0.082868
 0.826365 0.099501 0.025178 0.048956
 0.129514 0.738153 0.076105 0.056228
 0.809551 0.048281 0.000116 0.142052
 0.119102 0.841472 0.035550 0.003877
 0.134306 0.009218 0.732214 0.124262

MOTIF 65-GCCGCTCTGC STREME-65
letter-probability matrix: alength= 4 w= 10 nsites= 203 P= 1.0e-002
 0.000150 0.034926 0.964775 0.000150
 0.166941 0.798942 0.000117 0.034000
 0.000150 0.888443 0.000117 0.111290
 0.000150 0.076309 0.888313 0.035228
 0.137471 0.745530 0.000117 0.116882
 0.166167 0.188218 0.000117 0.645498
 0.031512 0.968221 0.000117 0.000150
 0.172804 0.000117 0.052409 0.774670
 0.183045 0.019394 0.731059 0.066502
 0.053102 0.785466 0.065787 0.095644

MOTIF 66-CCCGTTCCMG STREME-66
letter-probability matrix: alength= 4 w= 10 nsites= 824 P= 1.4e-002
 0.171466 0.630475 0.147472 0.050587
 0.040053 0.867532 0.090754 0.001661
 0.004183 0.946043 0.049710 0.000064
 0.000064 0.000050 0.998432 0.001455
 0.019647 0.063370 0.222861 0.694122
 0.235794 0.172095 0.061445 0.530666
 0.000064 0.935826 0.044646 0.019464
 0.093582 0.669208 0.237146 0.000064
 0.459343 0.244659 0.132835 0.163163
 0.000064 0.084758 0.825899 0.089278

MOTIF 67-CGGWCCG STREME-67
letter-probability matrix: alength= 4 w= 7 nsites= 728 P= 1.9e-002
 0.000453 0.998740 0.000354 0.000453
 0.105371 0.248368 0.592579 0.053682
 0.000453 0.000354 0.998740 0.000453
 0.484736 0.015264 0.015264 0.484736
 0.000453 0.998740 0.000354 0.000453
 0.053682 0.592579 0.248368 0.105371
 0.000453 0.000354 0.998740 0.000453

MOTIF 68-CAGCTCC STREME-68
letter-probability matrix: alength= 4 w= 7 nsites= 201 P= 2.2e-002
 0.025509 0.929036 0.019945 0.025509
 0.934600 0.019945 0.019945 0.025509
 0.025509 0.019945 0.929036 0.025509
 0.025509 0.929036 0.019945 0.025509
 0.025509 0.019945 0.019945 0.934600
 0.025509 0.929036 0.019945 0.025509
 0.025509 0.929036 0.019945 0.025509

MOTIF 69-CGCACCACAG STREME-69
letter-probability matrix: alength= 4 w= 10 nsites= 524 P= 2.3e-002
 0.018138 0.839123 0.111344 0.031394
 0.247240 0.068583 0.543358 0.140819
 0.071391 0.708325 0.159690 0.060594
 0.765951 0.070517 0.154215 0.009317
 0.110499 0.852077 0.037281 0.000143
 0.000143 0.965048 0.000111 0.034698
 0.899984 0.012758 0.038915 0.048342
 0.000143 0.892706 0.043909 0.063242
 0.926929 0.000111 0.000111 0.072848
 0.063348 0.164203 0.680068 0.092380

MOTIF 70-CTGCGCG STREME-70
letter-probability matrix: alength= 4 w= 7 nsites= 1712 P= 2.4e-002
 0.101866 0.818858 0.050852 0.028423
 0.008870 0.036970 0.000280 0.953880
 0.000358 0.003357 0.987941 0.008343
 0.043410 0.781579 0.065713 0.109298
 0.013566 0.023732 0.864933 0.097768
 0.013212 0.851407 0.030750 0.104632
 0.067405 0.178744 0.715077 0.038774

MOTIF 71-GCACGCG STREME-71
letter-probability matrix: alength= 4 w= 7 nsites= 1095 P= 2.6e-002
 0.049574 0.046924 0.851044 0.052459
 0.071232 0.875953 0.021513 0.031303
 0.921822 0.070033 0.000359 0.007786
 0.071799 0.801297 0.082159 0.044746
 0.000459 0.000359 0.979256 0.019926
 0.000459 0.857991 0.141091 0.000459
 0.000459 0.048472 0.846733 0.104336

MOTIF 72-GCACACACA STREME-72
letter-probability matrix: alength= 4 w= 9 nsites= 522 P= 3.3e-002
 0.000575 0.000450 0.885203 0.113771
 0.000575 0.942592 0.000450 0.056383
 0.900740 0.000450 0.098235 0.000575
 0.000575 0.972482 0.026368 0.000575
 0.807221 0.000450 0.132730 0.059599
 0.000575 0.964643 0.000450 0.034332
 0.998525 0.000450 0.000450 0.000575
 0.000575 0.870413 0.081704 0.047307
 0.932296 0.000450 0.000450 0.066804

MOTIF 73-GCGCGAG STREME-73
letter-probability matrix: alength= 4 w= 7 nsites= 1274 P= 3.3e-002
 0.143347 0.026042 0.830340 0.000271
 0.098371 0.845384 0.055974 0.000271
 0.057746 0.024911 0.774975 0.142368
 0.050995 0.895491 0.053243 0.000271
 0.162777 0.000212 0.836740 0.000271
 0.959926 0.039592 0.000212 0.000271
 0.000271 0.023538 0.975921 0.000271

MOTIF 74-CTCTCTTTC STREME-74
letter-probability matrix: alength= 4 w= 9 nsites= 731 P= 3.3e-002
 0.000356 0.999009 0.000279 0.000356
 0.000356 0.000279 0.000279 0.999087
 0.029477 0.969888 0.000279 0.000356
 0.000356 0.000279 0.000279 0.999087
 0.000356 0.999009 0.000279 0.000356
 0.042646 0.088292 0.027074 0.841989
 0.086681 0.245990 0.057137 0.610192
 0.060315 0.036610 0.000279 0.902797
 0.000356 0.999009 0.000279 0.000356

MOTIF 75-CGKCAC STREME-75
letter-probability matrix: alength= 4 w= 6 nsites= 1280 P= 3.5e-002
 0.001634 0.995454 0.001278 0.001634
 0.001634 0.001278 0.995454 0.001634
 0.001634 0.001278 0.519598 0.477489
 0.001634 0.995454 0.001278 0.001634
 0.995810 0.001278 0.001278 0.001634
 0.001634 0.995454 0.001278 0.001634

MOTIF 76-GGGCAAGA STREME-76
letter-probability matrix: alength= 4 w= 8 nsites= 602 P= 4.1e-002
 0.000532 0.000416 0.998521 0.000532
 0.000532 0.000416 0.921109 0.077943
 0.000532 0.290962 0.707974 0.000532
 0.073706 0.691925 0.233837 0.000532
 0.976120 0.022932 0.000416 0.000532
 0.925364 0.073688 0.000416 0.000532
 0.000532 0.000416 0.998521 0.000532
 0.823969 0.119154 0.000416 0.056462

MOTIF 77-CGGATGTRH STREME-77
letter-probability matrix: alength= 4 w= 9 nsites= 433 P= 4.2e-002
 0.063033 0.936689 0.000122 0.000156
 0.000156 0.000122 0.950748 0.048975
 0.000156 0.000122 0.999567 0.000156
 0.978810 0.020912 0.000122 0.000156
 0.135622 0.131548 0.000122 0.732709
 0.074420 0.306517 0.618907 0.000156
 0.024645 0.173514 0.090911 0.710930
 0.338192 0.130287 0.531365 0.000156
 0.248377 0.270031 0.027856 0.453736

MOTIF 78-CTTTATC STREME-78
letter-probability matrix: alength= 4 w= 7 nsites= 296 P= 4.4e-002
 0.025509 0.929036 0.019945 0.025509
 0.025509 0.019945 0.019945 0.934600
 0.025509 0.019945 0.019945 0.934600
 0.025509 0.019945 0.019945 0.934600
 0.934600 0.019945 0.019945 0.025509
 0.025509 0.019945 0.019945 0.934600
 0.025509 0.929036 0.019945 0.025509

MOTIF 79-CACCACCACC STREME-79
letter-probability matrix: alength= 4 w= 10 nsites= 848 P= 4.4e-002
 0.086239 0.769834 0.066909 0.077019
 0.815232 0.045683 0.065367 0.073718
 0.064082 0.780690 0.045151 0.110077
 0.035040 0.816604 0.070412 0.077943
 0.824425 0.066513 0.054021 0.055041
 0.026531 0.830584 0.018912 0.123973
 0.029528 0.817824 0.055765 0.096883
 0.829288 0.060260 0.057212 0.053241
 0.042464 0.810604 0.040159 0.106773
 0.021935 0.882487 0.056971 0.038607

MOTIF 80-CAGACGGC STREME-80
letter-probability matrix: alength= 4 w= 8 nsites= 210 P= 3.3e-001
 0.000791 0.768946 0.171333 0.058929
 0.997971 0.000619 0.000619 0.000791
 0.000791 0.275966 0.722452 0.000791
 0.913128 0.000619 0.000619 0.085634
 0.110787 0.823937 0.000619 0.064657
 0.000791 0.000619 0.997799 0.000791
 0.000791 0.000619 0.997799 0.000791
 0.000791 0.899067 0.099351 0.000791

MOTIF 81-AGCGAAACGGAAA STREME-81
letter-probability matrix: alength= 4 w= 13 nsites= 72 P= 8.9e-001
 0.945248 0.009976 0.009976 0.034800
 0.059780 0.013614 0.926448 0.000158
 0.119557 0.825366 0.054919 0.000158
 0.042438 0.093268 0.864136 0.000158
 0.949272 0.000123 0.013614 0.036991
 0.922292 0.000123 0.077427 0.000158
 0.887483 0.023466 0.048423 0.040628
 0.048677 0.833476 0.112231 0.005615
 0.156116 0.009976 0.763745 0.070163
 0.267706 0.051659 0.593821 0.086815
 0.858025 0.102770 0.013614 0.025592
 0.645816 0.019829 0.312878 0.021477
 0.774950 0.087877 0.029726 0.107447

MOTIF 82-GGCAAAGGAAG STREME-82
letter-probability matrix: alength= 4 w= 11 nsites= 44 P= 1.0e+000
 0.041111 0.010574 0.943497 0.004818
 0.000654 0.054943 0.933686 0.010717
 0.122209 0.688058 0.154702 0.035031
 0.998323 0.000511 0.000511 0.000654
 0.998323 0.000511 0.000511 0.000654
 0.918536 0.000511 0.056989 0.023963
 0.000654 0.000511 0.978240 0.020594
 0.000654 0.000511 0.924013 0.074821
 0.967732 0.023127 0.000511 0.008629
 0.899160 0.000511 0.043197 0.057132
 0.000654 0.093391 0.872621 0.033334

********************************************************************************
Stopped because 3 consecutive motifs exceeded the p-value threshold (0.05).
********************************************************************************
COMMAND:	streme --oc data/discovery_tfbs/enhancer_all_controls --n fastas/all_controls.fasta --p fastas/enhancers.fasta --minw 6
********************************************************************************
CPU:		parker
********************************************************************************
FINALTIME:	7850.77 seconds
********************************************************************************
